import numpy as np

import matplotlib.pyplot as plt

# X = np.linspace(0, 3000, 30)
X = np.linspace(0, 3000, 149)

# Y1 = [18723.255, 50247.26, 149546.265, 363750.71, 326524.69, 324382.55, 352870.36, 307683.595, 402215.825, 347695.125, 297125.255, 372563.02, 454040.52, 360277.955, 310530.27, 410902.685, 319099.285, 415290.12, 315758.74, 325560.025, 384593.025, 396278.14, 273008.5, 423693.58, 362376.675, 390318.81, 357928.14, 312956.2, 334144.705, 415188.6875]
# Y2 = [2302.76, 2140.045, 2079.01, 1853.005, 1702.01, 1734.055, 1880.24, 1780.335, 1870.49, 1941.535, 1847.155, 1875.56, 1783.065, 1827.72, 1754.79, 2301.765, 2491.955, 1881.15, 2069.975, 2126.265, 1756.22, 2422.34, 1798.535, 2748.705, 2825.99, 2855.5, 2357.405, 2630.405, 2757.48, 3237.61875]
# Y3 = [3590.085, 4133.01, 4775.795, 3994.56, 15306.64, 37949.39, 92247.595, 98382.23, 56145.1, 47517, 37987.09, 60641.8, 16022.29, 10662.845, 4957.015, 6149.18, 4991.92, 5933.575, 6531.835, 4848.4, 8446.41, 7096.49, 5102.55, 6157.825, 5939.88, 8577.775, 6209.695, 14307.98, 11169.065, 27176.7125]
# Y4 = [-41.66, -42.98, -43.11, -43.24, -43.37, -43.11, -43.435, -43.24, -43.5, -43.5, -43.435, 10.905, 55.69, 54.975, 54.845, 55.56, 55.105, 54.78, 54.845, 55.755, 54.975, 54.65, 55.235, 54.975, 55.625, 55.43, 55.17, 55.04, 55.495, 54.8125]
# Y5 = [930.35, 925.65, 882.75, 873.65, 867.8, 862.6, 863.9, 867.8, 869.1, 869.1, 865.85, 868.45, 868.45, 865.85, 872.35, 871.7, 124415.9, 373499.15, 322251.85, 343469.8, 334122.8, 326596.45, 258657.15, 242260.25, 276005, 226495.8, 220251.9, 173761.95, 158310.15, 149364.6875]
# Y5_2 = [1428.25,1305.25,1272.75,1217.5,1185.65,1214.9,1220.1,1198.65,1201.25,1242.85,1222.05,1211.65,1211,1196.05,1238.3,1207.1,1197.35,1199.95,1228.55,1221.4,1212.3,1216.85,1233.75,1213.6,1388.45,2326.4,3362.5,4511.05,7636.9,11559.8125]

Y1 = [8360.125, 10249.9, 24683.15, 28012.775, 22310.325, 23519.65, 41756.05, 47707.125, 47828.025, 90425.45, 145237.35, 83782.775, 103689.35, 265245.225, 149776.625, 205068.55, 233465.1, 315622.5, 490209.25, 574388.15, 383226.075, 148277.075, 250708.95, 373489.4, 476921.95, 199915.35, 355721, 386544, 385430.55, 294301.85, 306451.975, 376229.15, 189240.4, 380513.3, 511916.975, 351691.325, 294322.975, 228657.7, 364497.625, 299248.35, 330518.225, 329313.125, 425335.675, 320160.475, 605751.625, 516766.95, 506923.675, 179539.475, 254703.85, 280541.675, 278487.025, 246616.875, 178261.25, 392000.425, 390260.7, 349548.6, 286020.85, 281278.125, 419226.65, 526740.875, 464108.825, 460847.45, 337023.75, 306272.25, 701950.325, 589896.825, 245607.1, 332111.375, 350779.7, 282994.775, 253364.85, 446279, 326165.175, 300271.45, 226570.875, 389707.225, 357384.025, 299510.3, 584131.325, 423780.55, 438108.825, 175571.225, 151468.9, 441195.35, 389152.125, 362670.8, 275612.4, 478522.25, 558056.575, 401588.575, 275189.575, 322870.975, 255632.375, 287036.15, 438064.625, 271820.95, 215313.525, 299482.675, 362547.95, 478635.025, 387586.275, 381290.375, 399714.625, 390599.025, 363774.825, 322702.3, 507198.625, 519351.675, 414017.225, 218120.875, 182599.675, 267555.325, 282217.375, 373223.55, 259446.575, 441574.3, 535730.375, 512095.075, 246254.5, 382813.65, 359956.075, 419219.5, 358385.025, 350993.225, 323329.55, 500269.3, 509154.15, 302439.525, 424369.45, 215361.625, 349941.85, 421689.5, 268276.175, 273791.75, 475941.425, 302043.675, 387342.525, 205432.225, 304976.8, 364985.775, 441693.575, 462510.475, 268616.45, 241384.375, 256518.65, 623780.025, 239621.25, 396403.2, 400950.275]
Y2 = [2415.875, 2614.025, 2203.875, 2305.925, 1974.1, 2420.975, 2164.225, 1870.75, 2378.4, 1865.875, 2446, 2147.65, 1751.8, 2090.45, 1959.15, 1852.875, 1883.75, 2151.875, 1732.95, 1643.575, 1646.175, 2190.225, 1572.725, 1579.875, 1521.05, 2074.2, 1774.55, 1503.825, 1597.425, 1720.275, 1999.125, 1510.65, 1965.325, 1797.95, 2128.15, 1918.85, 1720.925, 1549.65, 1952.975, 1759.275, 1574.675, 2204.525, 1735.225, 2111.9, 1726.125, 1892.2, 2155.775, 2082.65, 1954.6, 1622.45, 1709.225, 2327.7, 1783, 1775.525, 1640.325, 1756.675, 1948.75, 2024.475, 1597.425, 2050.475, 1871.075, 1933.475, 1520.4, 1762.525, 1827.85, 1933.475, 1909.425, 1870.75, 1813.225, 1611.725, 1924.7, 1563.625, 1499.925, 1975.075, 1810.625, 1891.55, 1909.425, 1990.025, 2514.575, 3203.25, 3314.4, 2178.85, 1628.95, 2742.725, 2594.85, 1816.8, 1675.425, 2090.45, 2022.85, 1800.225, 1541.525, 1673.475, 2133.35, 3196.1, 1805.425, 3312.775, 2179.5, 1676.075, 1753.425, 1709.55, 1705, 1569.8, 1890.9, 1886.35, 1729.05, 1669.25, 4671.6, 2096.625, 2028.375, 1645.85, 1641.625, 1790.8, 1998.475, 1778.125, 1783.65, 3265.325, 3803.85, 2614.025, 2027.725, 2032.6, 1562.65, 2306.25, 1822.325, 2662.45, 5776.275, 4350.5, 2728.75, 3168.15, 1825.575, 2204.525, 2215.25, 1784.3, 2575.675, 2867.85, 2343.95, 2054.05, 1610.1, 3587.075, 3280.6, 2620.2, 3248.75, 2854.525, 3172.05, 2408.625, 2103.45, 3505.175, 3580.9, 4025.825, 1838.575]
Y3 = [4514.725, 2788.875, 4076.2, 3935.475, 2635.15, 2134.975, 3867.225, 2942.275, 4915.35, 6805.225, 5691.775, 3564.65, 3182.45, 3739.5, 7700.6, 1496.675, 1241.55, 8249.525, 1526.25, 7458.8, 4992.7, 4684.6, 20038.575, 12698.775, 34118.55, 29468.125, 13875.6, 44611.5, 32768.5, 69023.225, 128536.25, 59364.875, 30767.8, 145205.825, 97363.225, 94156.45, 54722.575, 48805.3, 215772.75, 78454.075, 43030.375, 79089.125, 84490.625, 8244, 65871.375, 81608.85, 33186.775, 84915.4, 15982.25, 21891.725, 25734.85, 2319.25, 4919.575, 75788.1, 81173.675, 68722.6, 119905.225, 23781.6, 28367.025, 62432.55, 20104.225, 23149.475, 17932.575, 12320.8, 6604.375, 6482.175, 5669.025, 8076.95, 23837.825, 9248.25, 6391.175, 1567.525, 4255.275, 10387.375, 2183.725, 12989.325, 3080.725, 3034.575, 2795.7, 8845.575, 3052.775, 2512.95, 13755.675, 2864.6, 2773.6, 2221.1, 11530.4, 1922.1, 5711.275, 8283, 4006, 13122.575, 2919.525, 2141.475, 10469.6, 3163.925, 2384.25, 14734.9, 1796, 2162.925, 15094.35, 8893.025, 3530.525, 2671.875, 12042.275, 2453.8, 11643.5, 5166.25, 8258.625, 7960.275, 5876.375, 1719.95, 6720.725, 4662.825, 6532.875, 9403.925, 6936.525, 6081.775, 3302.375, 5064.525, 4209.125, 4812, 9479.325, 5786.35, 5412.6, 5530.575, 8209.875, 7178.65, 19350.225, 2619.55, 6204.3, 3204.55, 4220.175, 7441.25, 9978.2, 7456.525, 19285.875, 29969.925, 4180.2, 10647.375, 11487.5, 9670.425, 9844.625, 19894.925, 4947.85, 25567.475, 39809.625, 34933, 8396.75]
Y4 = [-42.1, -39.6, -41.875, -41.225, -43.5, -42.85, -43.175, -42.85, -42.85, -43.175, -43.175, -42.525, -42.85, -43.5, -43.5, -43.175, -43.175, -43.5, -43.5, -42.85, -43.175, -43.5, -43.175, -43.5, -43.5, -43.175, -42.85, -43.175, -43.175, -43.175, -43.5, -43.5, -43.5, -43.5, -43.175, -43.5, -43.5, -42.85, -43.175, -43.175, -43.5, -43.5, -43.5, -43.5, -43.5, -43.5, -43.5, -43.5, -43.5, -43.5, -43.5, -43.5, -43.5, -43.5, -43.175, -43.5, -43.175, 31.575, 54.975, 54.65, 55.95, 54.975, 55.625, 56.6, 55.3, 55.95, 54.975, 55.3, 54, 54.65, 54.65, 54.65, 54.65, 55.95, 54.325, 55.95, 55.625, 54.65, 55.3, 56.275, 54.65, 54.325, 56.6, 54.975, 54.975, 54.65, 55.625, 54, 54, 55.625, 54.325, 54.325, 54, 55.95, 55.625, 56.6, 55.3, 54.975, 56.275, 55.625, 54.325, 55.3, 54, 54.975, 56.275, 55.625, 54, 53.675, 55.3, 54.65, 54.65, 56.6, 54.65, 54.65, 55.625, 54.975, 54.65, 54.975, 55.625, 54.65, 55.95, 55.95, 56.6, 54.65, 54.975, 55.3, 55.3, 55.625, 55.3, 55.625, 54.975, 56.6, 54.65, 55.3, 54.325, 55.3, 54.65, 55.625, 54.325, 55.3, 56.6, 54.325, 55.3, 55.95, 55.3, 54.975, 54.325, 54.325, 55.625]
Y5 = [994, 918.5, 899, 892.5, 947.75, 960.75, 983.5, 879.5, 912, 892.5, 902.25, 879.5, 873, 882.75, 876.25, 869.75, 892.5, 876.25, 863.25, 866.5, 869.75, 869.75, 869.75, 866.5, 863.25, 866.5, 866.5, 860, 860, 860, 860, 863.25, 863.25, 873, 860, 860, 873, 863.25, 873, 869.75, 873, 873, 869.75, 866.5, 863.25, 869.75, 869.75, 869.75, 869.75, 866.5, 863.25, 863.25, 860, 873, 869.75, 879.5, 866.5, 873, 860, 863.25, 876.25, 863.25, 873, 866.5, 863.25, 873, 873, 860, 863.25, 860, 866.5, 879.5, 876.25, 876.25, 863.25, 860, 863.25, 876.25, 889.25, 869.75, 863.25, 873, 19973.25, 260080, 340290, 399215.75, 311508, 357749, 402446.25, 396576.75, 372920, 417055, 313087.5, 258107.25, 250089.5, 298943.5, 374590.5, 427422.5, 323487.5, 292905, 377102.75, 339243.5, 404942.25, 310201.5, 239124, 325798.25, 383885.5, 385591.75, 319587.5, 218119.25, 245081.25, 230865.75, 284529.75, 268325.25, 264483.75, 216071.75, 200848.75, 259891.5, 240583.25, 293906, 270086.75, 296603.5, 291871.5, 269680.5, 251782.75, 202337.25, 222688.75, 189893, 237924.75, 279635.25, 223826.25, 222435.25, 228119.5, 240690.5, 186188, 186506.5, 165345.75, 170308.5, 168517.75, 178131.25, 202447.75, 153519, 147600.75, 143395.25, 144588, 152670.75, 151390.25, 151968.75, 141429]


# plt.plot(X, Y1, color='tab:blue', label='Adapted MCS (lr=0.000005)')
plt.plot(X, Y2, color='tab:blue', linestyle='dashed', label='Adapted MCS (lr=0.0000005)')
plt.plot(X, Y3, color='tab:blue', linestyle='dotted', label='Adapted MCS (lr=0.001)')
plt.plot(X, Y4, color='tab:red', label='MCS 0 (lr=0.000005)')
plt.plot(X, Y5, color='tab:orange', label='MCS 7 (lr=0.000005)')
# plt.plot(X, Y5_2, color='tab:orange', label='MCS 7 (lr=0.000005)')


# plt.plot(0, 0, color='tab:blue', label='Adapted MCS (lr=0.000005)')
# plt.plot(0, 0, color='tab:blue', linestyle='dashed', label='Adapted MCS (lr=0.0000005)')
# plt.plot(0, 0, color='tab:blue', linestyle='dotted', label='Adapted MCS (lr=0.001)')
# plt.plot(0, 0, color='tab:red', label='MCS 0 (lr=0.000005)')
# plt.plot(0, 0, color='tab:orange', label='MCS 7 (lr=0.000005)')

plt.xlabel('Episode')
plt.ylabel('Average reward (Mbps)')
plt.ylim(0, 900000)
plt.legend(fontsize = 7.5)
